# timestamp(s) p q
1774553079.33111 0.351690 -0.002437 -0.071787 0.009434 -0.007464 -0.999928 0.000129
1774553079.49777 0.351334 -0.002402 -0.072519 0.009225 -0.007514 -0.999929 0.000165
1774553079.66444 0.351358 -0.002340 -0.072537 0.009195 -0.007538 -0.999929 0.000185
1774553079.83109 0.351461 -0.002257 -0.072503 0.009166 -0.007568 -0.999929 0.000195
1774553079.99777 0.351615 -0.002122 -0.072439 0.009121 -0.007629 -0.999929 0.000208
1774553080.16443 0.351880 -0.001963 -0.072398 0.009074 -0.007700 -0.999929 0.000209
1774553080.33110 0.351880 -0.001963 -0.072398 0.009074 -0.007700 -0.999929 0.000209
1774553080.83110 0.351880 -0.001963 -0.072398 0.009074 -0.007700 -0.999929 0.000209
1774553080.99778 0.352785 -0.002578 -0.072280 0.008955 -0.007694 -0.999930 0.000202
1774553081.16443 0.351436 -0.003402 -0.071863 0.009340 -0.007355 -0.999929 0.000510
1774553146.03312 0.351885 -0.003859 -0.072213 -0.009013 0.007532 0.999931 0.000072
1774553146.19979 0.352024 -0.004437 -0.072060 -0.008968 0.007611 0.999931 0.000177
1774553146.36646 0.352274 -0.004441 -0.071910 -0.008981 0.007735 0.999930 0.000329
1774553146.53292 0.350902 -0.004401 -0.074546 -0.009404 0.006620 0.999934 0.000310
1774553146.69823 0.350447 -0.005469 -0.074861 -0.009262 0.006676 0.999935 0.000706
1774553146.86518 0.350432 -0.005714 -0.074990 -0.009095 0.006862 0.999935 0.000862
1774553147.03263 0.350474 -0.005677 -0.074938 -0.009098 0.006901 0.999934 0.000812
1774553147.19993 0.350529 -0.005501 -0.074831 -0.009196 0.006885 0.999934 0.000736
1774553147.36615 0.350521 -0.005707 -0.074879 -0.009198 0.006858 0.999934 0.000919
1774553147.53323 0.350537 -0.005753 -0.074790 -0.009265 0.006792 0.999934 0.000882
1774553147.70030 0.350581 -0.005640 -0.074767 -0.009238 0.006856 0.999934 0.000801
1774553147.86748 0.350593 -0.005619 -0.074748 -0.009251 0.006845 0.999934 0.000724
1774553148.03465 0.350652 -0.005471 -0.074811 -0.009199 0.006870 0.999934 0.000652
1774553148.20183 0.350704 -0.005267 -0.074799 -0.009158 0.006896 0.999934 0.000494
1774553148.36542 0.350798 -0.004940 -0.074742 -0.009216 0.007163 0.999932 0.000366
1774553148.53262 0.350761 -0.004835 -0.074860 -0.009132 0.007182 0.999932 0.000311
1774553148.69928 0.350799 -0.004839 -0.074893 -0.009063 0.007225 0.999933 0.000286
1774553148.86590 0.350953 -0.004707 -0.074945 -0.009022 0.007253 0.999933 0.000186
1774553149.03256 0.350894 -0.004634 -0.074846 -0.009074 0.007248 0.999933 0.000156
1774553149.19917 0.350974 -0.004770 -0.074851 -0.009065 0.007369 0.999932 0.000286
1774553149.36483 0.350931 -0.004850 -0.074861 -0.009082 0.007384 0.999931 0.000330
1774553149.53147 0.350946 -0.004939 -0.074778 -0.009119 0.007463 0.999930 0.000414
1774553149.69806 0.350749 -0.005164 -0.074766 -0.009150 0.007358 0.999931 0.000436
1774553149.86466 0.350829 -0.005058 -0.074782 -0.009096 0.007427 0.999931 0.000412
1774553150.03125 0.350766 -0.004977 -0.074821 -0.009136 0.007315 0.999931 0.000247
1774553150.19788 0.350739 -0.005020 -0.074711 -0.009223 0.007288 0.999931 0.000287
1774553150.36453 0.350743 -0.005068 -0.074716 -0.009175 0.007343 0.999931 0.000295
1774553150.53117 0.350717 -0.004993 -0.074720 -0.009165 0.007271 0.999932 0.000219
1774553150.69784 0.350795 -0.005013 -0.074834 -0.009108 0.007265 0.999932 0.000249
1774553150.86448 0.350722 -0.005034 -0.074705 -0.009183 0.007279 0.999931 0.000191
1774553151.03111 0.350696 -0.005082 -0.074681 -0.009212 0.007235 0.999931 0.000194
1774553151.19778 0.350699 -0.004951 -0.074677 -0.009228 0.007191 0.999932 0.000125
1774553151.36441 0.350641 -0.004909 -0.074642 -0.009277 0.007153 0.999931 0.000078
1774553151.53099 0.350619 -0.004870 -0.074587 -0.009307 0.007111 0.999931 0.000047
1774553151.69764 0.350791 -0.004873 -0.074559 -0.009264 0.007147 0.999932 0.000092
1774553151.86430 0.350854 -0.004847 -0.074503 -0.009285 0.007128 0.999931 0.000075
1774553152.03095 0.350862 -0.004935 -0.074485 -0.009344 0.007078 0.999931 0.000092
1774553152.19757 0.350804 -0.005079 -0.074548 -0.009320 0.007003 0.999932 0.000175
1774553152.36410 0.350785 -0.005120 -0.074571 -0.009245 0.007130 0.999932 0.000176
1774553152.53077 0.350821 -0.004991 -0.074693 -0.009156 0.007152 0.999933 0.000086
1774553152.69742 0.350849 -0.004930 -0.074771 -0.009104 0.007141 0.999933 0.000046
1774553152.86406 0.350798 -0.004882 -0.074746 -0.009071 0.007132 0.999933 0.000003
1774553153.03068 0.350821 -0.004976 -0.074740 -0.009072 0.007158 0.999933 0.000012
1774553153.19731 0.350835 -0.004901 -0.074778 -0.009036 0.007150 0.999934 0.000004
1774553153.36400 0.350879 -0.005059 -0.074831 -0.009010 0.007317 0.999933 0.000215
1774553153.53065 0.350932 -0.004996 -0.074782 -0.009023 0.007352 0.999932 0.000160
1774553153.69730 0.350898 -0.005070 -0.074711 -0.009091 0.007362 0.999932 0.000169
1774553153.86402 0.351039 -0.005068 -0.074752 -0.009081 0.007515 0.999930 0.000286
1774553154.03061 0.350974 -0.005080 -0.074672 -0.009126 0.007511 0.999930 0.000243
1774553154.19718 0.350972 -0.005010 -0.074686 -0.009140 0.007504 0.999930 0.000322
1774553154.36374 0.350866 -0.005174 -0.074610 -0.009199 0.007416 0.999930 0.000283
1774553154.53036 0.350747 -0.005223 -0.074600 -0.009178 0.007330 0.999931 0.000263
1774553154.69704 0.350730 -0.005192 -0.074620 -0.009172 0.007330 0.999931 0.000232
1774553154.86381 0.351010 -0.004958 -0.074710 -0.009076 0.007470 0.999931 0.000220
1774553155.03027 0.350832 -0.005077 -0.074627 -0.009120 0.007388 0.999931 0.000201
1774553155.19682 0.350814 -0.005142 -0.074674 -0.009135 0.007351 0.999931 0.000258
1774553155.36347 0.350779 -0.005133 -0.074643 -0.009185 0.007272 0.999931 0.000206
1774553155.53013 0.350812 -0.005184 -0.074666 -0.009137 0.007385 0.999931 0.000252
1774553155.69674 0.350708 -0.005294 -0.074638 -0.009139 0.007350 0.999931 0.000257
1774553155.86362 0.350864 -0.005273 -0.074658 -0.009087 0.007457 0.999931 0.000333
1774553156.03022 0.350876 -0.005285 -0.074613 -0.009092 0.007405 0.999931 0.000305
1774553156.19687 0.350833 -0.005319 -0.074596 -0.009149 0.007413 0.999931 0.000336
1774553156.36353 0.350822 -0.005319 -0.074601 -0.009151 0.007408 0.999931 0.000359
1774553156.53017 0.350900 -0.005346 -0.074636 -0.009106 0.007399 0.999931 0.000337
1774553156.69680 0.350920 -0.005358 -0.074615 -0.009123 0.007433 0.999931 0.000361
1774553156.86347 0.350926 -0.005353 -0.074623 -0.009162 0.007414 0.999930 0.000377
1774553157.03013 0.350822 -0.005374 -0.074611 -0.009160 0.007355 0.999931 0.000323
1774553157.19677 0.350822 -0.005341 -0.074583 -0.009163 0.007456 0.999930 0.000304
1774553157.36346 0.351081 -0.005163 -0.074635 -0.009117 0.007494 0.999930 0.000288
1774553157.53004 0.351098 -0.005062 -0.074550 -0.009157 0.007484 0.999930 0.000278
1774553157.69673 0.351088 -0.005020 -0.074556 -0.009157 0.007465 0.999930 0.000234
1774553157.86341 0.351126 -0.005003 -0.074585 -0.009141 0.007478 0.999930 0.000247
1774553158.03005 0.351086 -0.004936 -0.074590 -0.009102 0.007416 0.999931 0.000171
1774553158.19663 0.350854 -0.005125 -0.074630 -0.009104 0.007321 0.999932 0.000163
1774553158.36326 0.350727 -0.005303 -0.074743 -0.009061 0.007325 0.999932 0.000241
1774553158.52991 0.350781 -0.005382 -0.074767 -0.009044 0.007343 0.999932 0.000264
1774553158.69653 0.350767 -0.005442 -0.074785 -0.009067 0.007363 0.999932 0.000337
1774553158.86325 0.350761 -0.005405 -0.074748 -0.009050 0.007338 0.999932 0.000285
1774553159.02988 0.350813 -0.005343 -0.074690 -0.009090 0.007351 0.999932 0.000286
1774553159.19653 0.350864 -0.005310 -0.074651 -0.009142 0.007352 0.999931 0.000257
1774553159.36317 0.350820 -0.005307 -0.074703 -0.009117 0.007312 0.999932 0.000242
1774553159.52978 0.350902 -0.005213 -0.074715 -0.009101 0.007356 0.999932 0.000230
1774553159.69640 0.350818 -0.005286 -0.074672 -0.009123 0.007267 0.999932 0.000188
1774553159.86299 0.350844 -0.005171 -0.074671 -0.009120 0.007330 0.999932 0.000175
1774553160.02967 0.350956 -0.005089 -0.074735 -0.009069 0.007356 0.999932 0.000187
1774553160.19633 0.350812 -0.005348 -0.074717 -0.009083 0.007274 0.999932 0.000200
1774553160.36291 0.350696 -0.005488 -0.074733 -0.009055 0.007315 0.999932 0.000285
1774553160.52964 0.350819 -0.005428 -0.074798 -0.009024 0.007327 0.999932 0.000249
1774553160.69632 0.350917 -0.005203 -0.074799 -0.009023 0.007374 0.999932 0.000210
1774553160.86295 0.350955 -0.005232 -0.074720 -0.009043 0.007393 0.999932 0.000188
1774553161.02953 0.351073 -0.005099 -0.074692 -0.009055 0.007426 0.999931 0.000177
1774553161.19621 0.351141 -0.005033 -0.074655 -0.009069 0.007500 0.999931 0.000213
1774553161.36276 0.351082 -0.005093 -0.074646 -0.009096 0.007454 0.999931 0.000203
1774553161.52940 0.351147 -0.005058 -0.074688 -0.009058 0.007523 0.999931 0.000238
1774553161.69598 0.351169 -0.004965 -0.074745 -0.009027 0.007575 0.999931 0.000231
1774553161.86266 0.351288 -0.004817 -0.074694 -0.009020 0.007619 0.999930 0.000203
1774553162.02927 0.351249 -0.004976 -0.074675 -0.009005 0.007626 0.999930 0.000225
1774553162.19592 0.351279 -0.005006 -0.074653 -0.009051 0.007680 0.999930 0.000209
1774553162.36260 0.351295 -0.004995 -0.074688 -0.008989 0.007658 0.999930 0.000279
1774553162.52921 0.351328 -0.005122 -0.074733 -0.008959 0.007663 0.999930 0.000318
1774553162.69585 0.351260 -0.005119 -0.074709 -0.008976 0.007670 0.999930 0.000315
1774553162.86250 0.351346 -0.004843 -0.074705 -0.009036 0.007712 0.999929 0.000162
1774553163.02914 0.351220 -0.004924 -0.074718 -0.009057 0.007691 0.999929 0.000180
1774553163.19546 0.351013 -0.005230 -0.074763 -0.009070 0.007620 0.999930 0.000223
1774553163.36210 0.351176 -0.005237 -0.074769 -0.008931 0.007653 0.999931 0.000284
1774553163.52863 0.351217 -0.005089 -0.074756 -0.008958 0.007701 0.999930 0.000230
1774553163.69531 0.351237 -0.005070 -0.074724 -0.008937 0.007605 0.999931 0.000235
1774553163.86203 0.351275 -0.005030 -0.074828 -0.008850 0.007600 0.999932 0.000183
1774553164.02867 0.351240 -0.005210 -0.074775 -0.008937 0.007575 0.999931 0.000261
1774553164.19533 0.351189 -0.005235 -0.074721 -0.008938 0.007573 0.999931 0.000265
1774553164.36194 0.351227 -0.005233 -0.074736 -0.008927 0.007525 0.999932 0.000287
1774553164.52859 0.351210 -0.005179 -0.074765 -0.008902 0.007611 0.999931 0.000292
1774553164.69525 0.351278 -0.005139 -0.074775 -0.008886 0.007580 0.999932 0.000262
1774553164.86173 0.350959 -0.005290 -0.074704 -0.008985 0.007504 0.999931 0.000223
1774553165.02833 0.351077 -0.005304 -0.074699 -0.008986 0.007549 0.999931 0.000300
1774553165.19521 0.351017 -0.005334 -0.074739 -0.008993 0.007450 0.999932 0.000263
1774553165.36154 0.351147 -0.005323 -0.074769 -0.008926 0.007462 0.999932 0.000327
1774553165.52816 0.351306 -0.005131 -0.074707 -0.008948 0.007510 0.999932 0.000287
1774553165.69486 0.351285 -0.005147 -0.074723 -0.008904 0.007446 0.999933 0.000282
1774553165.86149 0.351408 -0.004986 -0.074826 -0.008871 0.007443 0.999933 0.000264
1774553166.02808 0.351419 -0.004987 -0.074769 -0.008890 0.007493 0.999932 0.000240
1774553166.19483 0.351400 -0.004893 -0.074769 -0.008925 0.007661 0.999931 0.000166
1774553166.36148 0.351458 -0.004650 -0.074718 -0.008921 0.007608 0.999931 0.000053
1774553166.52815 0.351431 -0.004654 -0.074678 -0.008921 0.007695 0.999931 0.000067
1774553166.69482 0.351367 -0.004652 -0.074720 -0.008891 0.007644 0.999931 0.000026
1774553166.86150 0.351410 -0.004606 -0.074762 -0.008865 0.007616 0.999932 0.000034
1774553167.02810 0.351521 -0.004589 -0.074786 -0.008851 0.007694 0.999931 0.000070
1774553167.19473 0.351495 -0.004602 -0.074723 -0.008922 0.007698 0.999931 0.000054
1774553167.36140 0.351454 -0.004608 -0.074697 -0.008927 0.007762 0.999930 0.000049
1774553167.52809 0.351393 -0.004675 -0.074708 -0.008912 0.007698 0.999931 0.000020
1774553167.69478 0.351398 -0.004825 -0.074653 -0.008935 0.007629 0.999931 0.000120
1774553167.86140 0.351373 -0.004863 -0.074619 -0.009023 0.007686 0.999930 0.000144
1774553168.02804 0.351197 -0.005021 -0.074691 -0.009037 0.007549 0.999931 0.000139
1774553168.19472 0.351151 -0.005143 -0.074681 -0.009041 0.007605 0.999930 0.000179
1774553168.36138 0.351141 -0.005228 -0.074621 -0.009069 0.007576 0.999930 0.000222
1774553168.52801 0.351129 -0.005137 -0.074611 -0.009105 0.007642 0.999929 0.000243
1774553168.69470 0.351111 -0.005108 -0.074594 -0.009108 0.007635 0.999929 0.000246
1774553168.86141 0.351186 -0.005105 -0.074597 -0.009122 0.007699 0.999929 0.000208
1774553169.02811 0.351216 -0.005175 -0.074545 -0.009213 0.007779 0.999927 0.000227
1774553169.19480 0.351311 -0.004958 -0.074425 -0.009281 0.007786 0.999927 0.000127
1774553169.36140 0.351437 -0.004805 -0.074451 -0.009173 0.007829 0.999927 0.000093
1774553169.52805 0.351398 -0.004763 -0.074468 -0.009195 0.007820 0.999927 0.000023
1774553169.69471 0.351498 -0.004715 -0.074510 -0.009152 0.007926 0.999927 0.000001
1774553169.86134 0.351516 -0.004756 -0.074459 -0.009170 0.007938 0.999926 0.000046
1774553170.02800 0.351459 -0.004772 -0.074527 -0.009102 0.007945 0.999927 0.000030
1774553170.19470 0.351516 -0.004753 -0.074457 0.009136 -0.007917 -0.999927 0.000012
1774553170.36139 0.351541 -0.004666 -0.074438 0.009123 -0.007880 -0.999927 0.000003
1774553170.52800 0.351538 -0.004643 -0.074511 0.009082 -0.007942 -0.999927 0.000058
1774553170.69464 0.351475 -0.004679 -0.074455 0.009155 -0.007906 -0.999927 0.000097
1774553170.86136 0.351472 -0.004667 -0.074360 0.009203 -0.007864 -0.999927 0.000115
1774553171.02797 0.351247 -0.004900 -0.074678 -0.009066 0.007689 0.999929 0.000022
1774553171.19463 0.351422 -0.004662 -0.074661 0.009082 -0.007712 -0.999929 0.000020
1774553171.36125 0.351570 -0.004499 -0.074551 0.009048 -0.007843 -0.999928 0.000048
1774553171.52784 0.351590 -0.004515 -0.074542 0.009086 -0.007793 -0.999928 0.000077
1774553171.69460 0.351465 -0.004662 -0.074562 0.009104 -0.007686 -0.999929 0.000042
1774553171.86133 0.351498 -0.004594 -0.074478 0.009133 -0.007728 -0.999928 0.000084
1774553172.02792 0.351518 -0.004467 -0.074546 0.009074 -0.007803 -0.999928 0.000149
1774553172.19453 0.351535 -0.004471 -0.074612 0.009000 -0.007813 -0.999929 0.000113
1774553172.36120 0.351547 -0.004434 -0.074551 0.009042 -0.007830 -0.999928 0.000132
1774553172.52785 0.351528 -0.004447 -0.074626 0.008957 -0.007749 -0.999930 0.000179
1774553172.69453 0.351546 -0.004400 -0.074638 0.008957 -0.007672 -0.999930 0.000175
1774553172.86134 0.351736 -0.004164 -0.074642 0.008964 -0.007799 -0.999929 0.000221
1774553173.02798 0.351766 -0.004181 -0.074747 0.008841 -0.007820 -0.999930 0.000197
1774553173.19460 0.351633 -0.004268 -0.074679 0.008911 -0.007682 -0.999931 0.000278
1774553173.36122 0.351637 -0.004228 -0.074798 0.008839 -0.007751 -0.999931 0.000293
1774553173.52779 0.351660 -0.004224 -0.074662 0.008911 -0.007740 -0.999930 0.000320
1774553173.69443 0.351658 -0.004246 -0.074687 0.008886 -0.007753 -0.999930 0.000274
1774553173.86110 0.351593 -0.004329 -0.074676 0.008906 -0.007718 -0.999931 0.000258
1774553174.02785 0.351670 -0.004386 -0.074742 0.008895 -0.007872 -0.999929 0.000234
1774553174.19446 0.351653 -0.004416 -0.074732 0.008930 -0.007865 -0.999929 0.000176
1774553174.36108 0.351630 -0.004438 -0.074644 0.008963 -0.007854 -0.999929 0.000179
1774553174.52772 0.351678 -0.004320 -0.074719 0.008910 -0.007835 -0.999930 0.000244
1774553174.69437 0.351738 -0.004243 -0.074693 0.008926 -0.007897 -0.999929 0.000290
1774553174.86103 0.351857 -0.004247 -0.074556 0.008961 -0.007995 -0.999928 0.000292
1774553175.02766 0.351791 -0.004185 -0.074552 0.009001 -0.007975 -0.999928 0.000294
1774553175.19436 0.351809 -0.004150 -0.074506 0.009011 -0.007981 -0.999928 0.000330
1774553175.36103 0.351815 -0.004168 -0.074550 0.008949 -0.008097 -0.999927 0.000300
1774553175.52764 0.351863 -0.004165 -0.074598 0.008947 -0.008135 -0.999927 0.000281
1774553175.69429 0.351915 -0.004160 -0.074527 0.008949 -0.008054 -0.999927 0.000342
1774553175.86095 0.351956 -0.004062 -0.074523 0.008942 -0.008074 -0.999927 0.000317
1774553176.02756 0.351960 -0.004119 -0.074429 0.009048 -0.008070 -0.999926 0.000315
1774553176.19428 0.351904 -0.004126 -0.074368 0.009160 -0.008004 -0.999926 0.000333
1774553176.36097 0.351829 -0.004034 -0.074390 0.009166 -0.008048 -0.999926 0.000380
